image: cafe_map_resize.pgm
resolution: 0.10000
#origin: [-10.000000, -21.200000, 0.000000]
origin: [0.000000, 0.00000, 0.000000]
negate: 0
occupied_thresh: 0.65
free_thresh: 0.196

